"lon","lat","T-at-40km(Moho)","T-at-50km","T-at-100km","T-at-150km","T-at-200km","depth-to-550oC","depth-to-900oC","depth-to-1300oC"
-180,-90,701,787,1217,1300,1300,31,63,109
-180,-85,728,820,1253,1300,1300,30,59,103
-180,-80,764,861,1299,1299,1299,28,53,94
-180,65,547,606,904,1188,1300,41,99,167
-180,70,787,889,1300,1300,1300,27,48,87
-175,-90,694,779,1208,1300,1300,31,64,111
-175,-85,764,861,1299,1299,1299,28,53,94
-175,-80,764,861,1300,1300,1300,28,53,94
-175,65,540,598,891,1185,1299,41,101,169
-175,70,721,811,1222,1278,1299,31,62,109
-170,-90,694,779,1208,1300,1300,31,64,111
-170,-85,764,861,1299,1299,1299,28,53,94
-170,-80,764,861,1300,1300,1300,28,53,94
-170,65,602,672,1006,1217,1300,38,88,148
-170,70,685,769,1156,1259,1300,33,70,121
-165,-90,687,771,1192,1299,1299,31,65,113
-165,-85,764,861,1299,1299,1299,28,53,94
-165,-80,764,861,1300,1300,1300,28,53,94
-165,60,764,861,1300,1300,1300,28,53,94
-165,65,764,861,1300,1300,1300,28,53,94
-165,70,695,781,1174,1264,1300,32,68,117
-160,-90,673,754,1162,1300,1300,32,68,117
-160,-85,764,861,1299,1299,1299,28,53,94
-160,-80,764,861,1300,1300,1300,28,53,94
-160,-75,764,861,1300,1300,1300,28,53,94
-160,55,764,861,1299,1299,1299,28,53,94
-160,60,764,861,1300,1300,1300,28,53,94
-160,65,764,861,1300,1300,1300,28,53,94
-160,70,540,598,891,1185,1300,41,101,169
-155,-90,688,772,1194,1300,1300,31,65,112
-155,-85,764,861,1299,1299,1299,28,53,94
-155,-80,764,861,1299,1299,1299,28,53,94
-155,-75,764,861,1300,1299,1299,28,53,94
-155,55,764,861,1300,1300,1300,28,53,94
-155,60,764,861,1299,1299,1299,28,53,94
-155,65,764,861,1299,1299,1299,28,53,94
-155,70,540,598,891,1185,1299,41,101,169
-150,-90,683,767,1184,1300,1300,32,66,114
-150,-85,764,861,1299,1299,1299,28,53,94
-150,-80,764,861,1299,1299,1299,28,53,94
-150,-75,764,861,1299,1299,1299,28,53,94
-150,60,764,861,1299,1299,1299,28,53,94
-150,65,764,861,1299,1299,1299,28,53,94
-150,70,540,598,891,1185,1299,41,101,169
-145,-90,694,779,1208,1300,1300,31,64,111
-145,-85,764,861,1299,1299,1299,28,53,94
-145,-80,764,861,1300,1300,1300,28,53,94
-145,-75,764,861,1300,1300,1300,28,53,94
-145,60,764,861,1299,1299,1299,28,53,94
-145,65,764,861,1299,1299,1299,28,53,94
-145,70,540,598,891,1185,1299,41,101,169
-140,-90,694,779,1208,1300,1300,31,64,111
-140,-85,764,861,1299,1299,1299,28,53,94
-140,-80,764,861,1300,1300,1300,28,53,94
-140,-75,764,861,1299,1300,1300,28,53,94
-140,60,764,861,1300,1300,1300,28,53,94
-140,65,764,861,1299,1299,1299,28,53,94
-140,70,574,638,953,1202,1299,39,94,158
-135,-90,694,779,1208,1300,1300,31,64,111
-135,-85,764,861,1299,1299,1299,28,53,94
-135,-80,764,861,1300,1300,1300,28,53,94
-135,-75,764,861,1299,1299,1299,28,53,94
-135,55,723,813,1244,1300,1300,30,59,104
-135,60,695,780,1206,1299,1299,31,64,110
-135,65,764,861,1299,1299,1299,28,53,94
-135,70,735,828,1248,1287,1299,30,59,103
-130,-90,695,780,1208,1299,1299,31,63,110
-130,-85,764,861,1299,1299,1299,28,53,94
-130,-80,764,861,1299,1299,1299,28,53,94
-130,-75,764,861,1299,1299,1299,28,53,94
-130,50,743,837,1271,1299,1299,29,56,99
-130,55,648,724,1108,1299,1299,33,72,124
-130,60,648,724,1108,1299,1299,33,72,124
-130,65,648,724,1108,1299,1299,33,72,125
-130,70,548,607,907,1206,1300,40,98,165
-125,-90,694,779,1208,1300,1300,31,64,111
-125,-85,764,861,1299,1299,1299,28,53,94
-125,-80,764,861,1300,1300,1300,28,53,94
-125,-75,764,861,1300,1300,1300,28,53,94
-125,35,764,861,1300,1300,1300,28,53,94
-125,40,764,861,1300,1300,1300,28,53,94
-125,45,756,853,1290,1299,1299,29,54,96
-125,50,695,780,1206,1299,1299,31,64,111
-125,55,695,780,1206,1299,1299,31,64,110
-125,60,648,724,1108,1300,1300,33,72,124
-125,65,548,607,907,1206,1299,40,98,165
-125,70,548,607,907,1206,1299,40,98,165
-125,75,524,580,861,1142,1299,44,106,178
-120,-90,663,742,1140,1299,1299,33,69,120
-120,-85,764,861,1299,1299,1299,28,53,94
-120,-80,764,861,1299,1299,1299,28,53,94
-120,-75,764,861,1299,1299,1299,28,53,94
-120,30,764,861,1300,1300,1300,28,53,94
-120,35,764,861,1300,1300,1300,28,53,94
-120,40,764,861,1300,1300,1300,28,53,94
-120,45,764,861,1299,1299,1299,28,53,94
-120,50,764,861,1299,1300,1300,28,53,94
-120,55,619,690,1049,1300,1300,35,79,134
-120,60,605,675,1022,1299,1299,36,82,139
-120,65,540,598,891,1185,1300,41,101,169
-120,70,540,598,891,1184,1299,41,101,169
-120,75,528,584,868,1151,1299,43,105,176
-115,-90,649,726,1111,1299,1299,33,72,124
-115,-85,764,861,1299,1299,1299,28,53,94
-115,-80,764,861,1300,1300,1300,28,53,94
-115,-75,764,861,1299,1299,1299,28,53,94
-115,25,764,861,1300,1300,1300,28,53,94
-115,30,764,861,1299,1299,1299,28,53,94
-115,35,605,675,1022,1299,1299,36,82,139
-115,40,764,861,1300,1300,1300,28,53,94
-115,45,764,861,1299,1299,1299,28,53,94
-115,50,764,861,1300,1300,1300,28,53,94
-115,55,581,646,973,1299,1299,37,88,149
-115,60,540,598,891,1185,1300,41,101,169
-115,65,548,607,907,1206,1300,40,98,165
-115,70,548,607,907,1206,1300,40,98,165
-115,75,555,616,921,1226,1299,39,96,162
-110,-90,651,729,1115,1300,1300,33,72,123
-110,-85,764,861,1299,1299,1299,28,53,94
-110,-80,764,861,1299,1299,1299,28,53,94
-110,-75,764,861,1300,1299,1299,28,53,94
-110,25,764,861,1299,1299,1299,28,53,94
-110,30,764,861,1299,1299,1299,28,53,94
-110,35,605,675,1022,1299,1299,36,82,139
-110,40,605,675,1022,1299,1299,36,82,140
-110,45,605,675,1022,1299,1299,36,82,139
-110,50,488,539,792,1046,1299,52,121,199
-110,55,488,539,792,1046,1300,52,121,200
-110,60,488,539,792,1046,1299,52,121,199
-110,65,377,412,590,767,945,88,187,299
-110,70,488,539,792,1046,1299,52,121,199
-110,75,488,539,792,1046,1300,52,121,200
-105,-90,652,729,1117,1300,1300,33,71,123
-105,-85,764,861,1299,1299,1299,28,53,94
-105,-80,764,861,1300,1300,1300,28,53,94
-105,-75,764,861,1300,1299,1299,28,53,94
-105,20,764,861,1299,1300,1300,28,53,94
-105,25,764,861,1299,1299,1299,28,53,94
-105,30,764,861,1299,1300,1300,28,53,94
-105,35,605,675,1022,1300,1300,36,82,140
-105,40,605,675,1022,1299,1299,36,82,139
-105,45,605,675,1022,1299,1299,36,82,139
-105,50,488,539,792,1046,1300,52,121,200
-105,55,488,539,792,1046,1299,52,121,200
-105,60,488,539,792,1046,1300,52,121,199
-105,65,540,598,891,1185,1299,41,101,169
-105,70,488,539,792,1046,1300,52,121,199
-105,75,483,533,782,1040,1300,52,122,202
-105,80,705,792,1226,1300,1300,31,62,108
-100,-90,652,729,1117,1299,1299,33,71,123
-100,-85,764,861,1299,1299,1299,28,53,94
-100,-80,764,861,1299,1299,1299,28,53,94
-100,-75,764,861,1300,1300,1300,28,53,94
-100,-70,699,785,1214,1300,1300,31,63,110
-100,15,791,894,1300,1300,1300,27,48,86
-100,20,764,861,1299,1299,1299,28,53,94
-100,25,703,789,1222,1299,1299,31,62,108
-100,30,630,703,1071,1299,1299,34,76,131
-100,35,630,703,1071,1299,1299,34,76,131
-100,40,605,675,1022,1300,1300,36,82,139
-100,45,552,612,915,1218,1299,39,97,163
-100,50,486,536,788,1040,1291,52,122,201
-100,55,533,591,879,1167,1299,42,103,173
-100,60,399,437,629,821,1012,79,170,274
-100,65,399,437,629,821,1012,79,170,275
-100,70,497,550,813,1076,1197,53,123,203
-100,75,703,790,1223,1299,1299,31,62,108
-100,80,675,757,1166,1280,1299,32,69,119
-95,-90,652,729,1117,1299,1299,33,71,123
-95,-85,764,861,1299,1299,1299,28,53,94
-95,-80,764,861,1299,1299,1299,28,53,94
-95,-75,764,861,1299,1299,1299,28,53,94
-95,-70,764,861,1300,1300,1300,28,53,94
-95,15,784,885,1300,1300,1300,27,50,89
-95,20,709,797,1245,1300,1300,30,60,105
-95,25,713,802,1243,1300,1300,30,60,105
-95,30,703,789,1222,1299,1299,31,62,108
-95,35,605,675,1022,1299,1299,36,82,139
-95,40,605,675,1022,1299,1299,36,82,139
-95,45,536,594,884,1174,1300,42,102,171
-95,50,499,551,813,1074,1299,49,116,193
-95,55,540,598,891,1185,1299,41,101,169
-95,60,399,437,629,821,1012,79,170,275
-95,65,399,437,629,821,1012,79,170,275
-95,70,399,437,629,821,1012,79,170,275
-95,75,494,546,804,1062,1300,50,118,195
-95,80,703,790,1223,1299,1300,31,62,108
-90,-90,652,729,1117,1300,1300,33,71,123
-90,-85,764,861,1299,1299,1299,28,53,94
-90,-80,764,861,1300,1300,1300,28,53,94
-90,-75,764,861,1300,1300,1300,28,53,94
-90,-70,764,861,1300,1300,1300,28,53,94
-90,10,764,861,1300,1300,1300,28,53,94
-90,15,764,861,1299,1299,1299,28,53,94
-90,20,703,789,1222,1300,1300,31,62,109
-90,30,703,789,1222,1300,1300,31,62,109
-90,35,621,694,1054,1300,1300,35,78,134
-90,40,605,675,1022,1300,1300,36,82,139
-90,45,579,644,968,1293,1299,37,89,150
-90,50,501,553,816,1079,1300,49,115,191
-90,55,486,536,788,1040,1291,52,122,201
-90,60,472,520,764,1008,1160,59,134,220
-90,65,399,437,629,821,1012,79,170,274
-90,70,393,430,617,804,999,80,173,279
-90,75,540,598,891,1185,1299,41,101,169
-90,80,703,790,1223,1300,1299,31,62,108
-90,85,605,675,1024,1231,1299,37,85,145
-85,-90,652,729,1117,1299,1299,33,71,123
-85,-85,764,861,1299,1299,1299,28,53,94
-85,-80,664,743,1141,1299,1299,33,69,119
-85,-75,764,861,1299,1299,1299,28,53,94
-85,-70,764,861,1299,1300,1300,28,53,94
-85,10,764,861,1300,1300,1300,28,53,94
-85,15,764,861,1299,1300,1300,28,53,94
-85,20,739,832,1268,1299,1299,29,57,100
-85,25,701,787,1198,1299,1299,31,64,111
-85,30,624,697,1060,1299,1299,35,77,132
-85,35,624,697,1060,1300,1300,35,77,132
-85,40,616,687,1042,1300,1300,35,79,136
-85,45,554,615,919,1299,1300,39,96,162
-85,50,489,540,794,1047,1299,51,120,199
-85,55,540,598,891,1185,1300,41,101,169
-85,65,548,607,907,1206,1299,40,98,165
-85,70,399,437,629,821,1012,79,170,274
-85,75,703,790,1223,1300,1300,31,62,108
-85,80,703,790,1223,1300,1300,31,62,108
-85,85,703,790,1223,1300,1300,31,62,108
-80,-90,652,729,1117,1300,1300,33,71,123
-80,-85,764,861,1299,1299,1299,28,53,94
-80,-80,664,743,1141,1300,1300,33,69,120
-80,-75,764,861,1300,1300,1300,28,53,94
-80,-10,485,536,787,1041,1299,52,121,201
-80,-5,488,539,792,1046,1299,52,121,199
-80,0,488,539,792,1046,1299,52,121,199
-80,5,620,694,1035,1162,1299,41,89,150
-80,10,764,861,1300,1300,1300,28,53,94
-80,20,764,861,1300,1300,1300,28,53,94
-80,25,716,805,1239,1300,1300,30,60,105
-80,30,645,721,1102,1300,1300,34,73,126
-80,35,630,704,1072,1300,1300,34,76,130
-80,40,622,695,1056,1300,1300,35,78,133
-80,45,549,609,910,1210,1299,40,98,164
-80,50,436,479,695,911,1127,66,147,240
-80,55,436,480,697,915,1110,68,150,245
-80,60,450,495,724,952,1114,65,145,237
-80,65,542,601,897,1192,1298,41,100,168
-80,70,399,437,629,821,1012,79,170,274
-80,75,703,790,1223,1300,1300,31,62,108
-80,80,703,790,1223,1299,1299,31,62,108
-80,85,703,790,1223,1299,1300,31,62,108
-75,-90,652,729,1117,1300,1300,33,71,123
-75,-85,764,861,1299,1299,1299,28,53,94
-75,-80,764,861,1299,1300,1300,28,53,94
-75,-75,764,861,1300,1300,1300,28,53,94
-75,-70,709,796,1227,1300,1300,31,61,107
-75,-55,777,877,1300,1300,1300,28,51,91
-75,-50,764,861,1299,1299,1299,28,53,94
-75,-45,686,770,1165,1299,1299,32,66,115
-75,-40,646,722,1104,1299,1299,34,73,125
-75,-35,596,664,1005,1217,1300,39,88,149
-75,-15,488,539,792,1046,1299,52,121,199
-75,-10,633,707,1077,1300,1300,34,76,130
-75,-5,559,621,929,1238,1299,39,95,160
-75,0,559,621,929,1238,1299,39,95,159
-75,5,764,861,1300,1300,1300,28,53,94
-75,10,764,861,1300,1299,1299,28,53,94
-75,15,764,861,1299,1300,1300,28,53,94
-75,20,764,861,1300,1300,1300,28,53,94
-75,35,642,717,1096,1300,1300,34,74,126
-75,40,632,706,1077,1299,1299,34,76,130
-75,45,547,606,905,1203,1299,40,99,166
-75,50,436,479,695,911,1127,66,147,240
-75,55,399,437,629,821,1012,79,170,275
-75,60,478,527,773,1019,1265,54,125,206
-75,65,540,598,891,1185,1300,41,101,169
-75,70,540,598,891,1185,1299,41,101,169
-75,75,512,568,847,1031,1154,57,126,206
-75,80,703,790,1223,1299,1299,31,62,108
-75,85,703,790,1223,1300,1300,31,62,108
-70,-90,652,729,1117,1299,1299,33,71,123
-70,-85,764,861,1299,1299,1299,28,53,94
-70,-80,764,861,1300,1300,1300,28,53,94
-70,-75,764,861,1299,1299,1299,28,53,94
-70,-70,764,861,1300,1300,1300,28,53,94
-70,-55,764,861,1299,1299,1299,28,53,94
-70,-50,700,786,1217,1299,1299,31,63,109
-70,-45,700,786,1217,1299,1299,31,63,109
-70,-40,700,786,1217,1299,1299,31,63,109
-70,-35,700,786,1217,1300,1300,31,63,109
-70,-30,488,539,792,1046,1299,52,121,199
-70,-25,488,539,792,1046,1300,52,121,200
-70,-20,488,539,792,1046,1299,52,121,199
-70,-15,633,707,1077,1299,1299,34,76,129
-70,-10,593,660,997,1299,1299,37,85,145
-70,-5,634,708,1080,1299,1299,34,75,129
-70,0,568,632,948,1264,1299,38,92,155
-70,5,634,708,1080,1299,1299,34,75,129
-70,10,633,707,1077,1300,1300,34,76,130
-70,15,747,842,1271,1300,1300,29,56,99
-70,20,764,861,1300,1299,1299,28,53,94
-70,40,652,729,1116,1299,1300,33,71,123
-70,45,659,738,1132,1299,1299,33,70,121
-70,50,495,546,805,1063,1300,50,118,195
-70,55,399,437,629,821,1012,79,170,275
-70,60,540,598,891,1185,1299,41,101,169
-70,65,540,598,891,1185,1299,41,101,169
-70,70,540,598,891,1185,1299,41,101,169
-70,75,540,598,891,1185,1300,41,101,169
-70,80,643,719,1101,1257,1300,35,76,131
-70,85,703,790,1223,1300,1299,31,62,108
-65,-90,652,729,1117,1299,1299,33,71,123
-65,-85,532,590,877,1164,1299,43,103,173
-65,-80,764,861,1300,1300,1300,28,53,94
-65,-75,699,785,1214,1300,1300,31,63,110
-65,-70,764,861,1300,1300,1300,28,53,94
-65,-65,757,854,1291,1299,1299,29,54,96
-65,-55,764,861,1300,1300,1300,28,53,94
-65,-50,721,810,1243,1300,1300,30,60,104
-65,-45,700,786,1217,1300,1300,31,63,109
-65,-40,700,786,1217,1300,1300,31,63,109
-65,-35,623,695,1057,1300,1300,35,78,133
-65,-30,623,695,1057,1299,1299,35,78,133
-65,-25,634,708,1080,1299,1299,34,75,129
-65,-20,633,707,1077,1299,1299,34,76,129
-65,-15,623,695,1057,1300,1300,35,78,133
-65,-10,593,660,997,1299,1299,37,85,144
-65,-5,540,598,891,1185,1299,41,101,169
-65,0,532,590,877,1164,1299,43,103,173
-65,5,488,539,792,1046,1300,52,121,200
-65,10,593,660,997,1300,1300,37,85,145
-65,45,678,760,1171,1300,1300,32,66,115
-65,50,571,635,954,1273,1299,38,91,154
-65,55,540,598,891,1185,1300,41,101,169
-65,60,540,598,891,1185,1300,41,101,169
-65,65,540,598,891,1185,1300,41,101,169
-65,70,540,598,891,1185,1299,41,101,169
-65,75,540,598,891,1185,1299,41,101,169
-65,80,540,598,891,1185,1299,41,101,169
-65,85,723,813,1263,1300,1300,30,58,101
-60,-90,652,729,1117,1299,1299,33,71,123
-60,-85,532,590,877,1164,1299,43,103,173
-60,-80,764,861,1299,1299,1299,28,53,94
-60,-75,761,859,1297,1299,1299,28,54,95
-60,-70,764,862,1300,1300,1300,28,53,94
-60,-65,764,861,1300,1300,1300,28,53,94
-60,-40,611,681,1033,1299,1299,36,81,139
-60,-35,591,659,994,1299,1299,37,85,145
-60,-30,591,659,994,1299,1299,37,85,145
-60,-25,591,659,994,1300,1300,37,85,145
-60,-20,593,660,997,1299,1299,37,85,144
-60,-15,634,708,1080,1299,1299,34,75,129
-60,-10,564,627,939,1252,1299,38,93,157
-60,-5,540,598,891,1185,1299,41,101,169
-60,0,399,437,629,821,1012,79,170,274
-60,5,568,632,948,1264,1299,38,92,155
-60,10,644,720,1099,1300,1300,34,73,125
-60,45,694,779,1203,1299,1299,31,64,111
-60,50,691,776,1198,1299,1300,31,64,111
-60,55,601,670,1014,1300,1300,36,83,141
-60,60,514,569,842,1116,1299,46,111,184
-60,75,540,598,891,1185,1300,41,101,169
-60,80,540,598,891,1185,1299,41,101,169
-60,85,654,732,1122,1265,1300,34,74,127
-55,-90,652,729,1117,1300,1300,33,71,123
-55,-85,532,590,877,1164,1299,43,103,173
-55,-80,699,785,1214,1299,1299,31,63,109
-55,-75,780,881,1300,1300,1300,28,51,90
-55,-35,672,753,1157,1300,1300,32,68,117
-55,-30,634,708,1080,1299,1299,34,75,129
-55,-25,677,759,1168,1299,1299,32,67,115
-55,-20,677,759,1168,1300,1300,32,67,116
-55,-15,677,759,1168,1299,1299,32,67,115
-55,-10,573,637,957,1276,1299,38,91,153
-55,-5,399,437,629,821,1012,79,170,275
-55,0,399,437,629,821,1012,79,170,275
-55,5,532,590,877,1164,1299,43,103,173
-55,45,692,776,1199,1300,1300,31,64,111
-55,50,688,772,1191,1300,1300,31,65,112
-55,55,639,715,1092,1300,1300,34,75,129
-55,65,488,539,792,1046,1300,52,121,199
-55,70,522,578,857,1136,1300,45,108,180
-55,75,540,598,891,1185,1299,41,101,169
-55,80,540,598,891,1185,1299,41,101,169
-55,85,540,598,891,1185,1300,41,101,169
-50,-90,652,729,1117,1299,1299,33,71,123
-50,-85,532,590,877,1164,1299,43,103,173
-50,-80,699,785,1214,1299,1299,31,63,110
-50,-75,713,802,1219,1300,1300,30,61,107
-50,-30,590,657,993,1227,1300,38,88,149
-50,-25,634,708,1080,1300,1300,34,75,129
-50,-20,634,708,1080,1299,1299,34,75,129
-50,-15,677,759,1168,1300,1299,32,67,115
-50,-10,634,708,1080,1300,1300,34,75,129
-50,-5,573,637,957,1276,1299,38,91,153
-50,0,540,598,891,1185,1300,41,101,169
-50,5,532,590,877,1164,1300,43,103,173
-50,60,507,561,830,1098,1271,48,114,189
-50,65,488,539,792,1046,1300,52,121,200
-50,70,540,598,891,1185,1299,41,101,169
-50,75,540,598,891,1185,1299,41,101,169
-50,80,540,598,891,1185,1299,41,101,169
-50,85,540,598,891,1185,1300,41,101,169
-45,-90,652,729,1117,1299,1299,33,71,123
-45,-85,532,590,877,1164,1299,43,103,173
-45,-80,764,861,1299,1300,1300,28,53,94
-45,-25,648,724,1109,1280,1300,34,74,127
-45,-20,559,621,929,1238,1299,39,95,159
-45,-15,559,621,929,1238,1299,39,95,160
-45,-10,559,621,929,1238,1300,39,95,160
-45,-5,634,708,1080,1299,1299,34,75,129
-45,0,536,594,884,1162,1300,43,103,172
-45,60,540,598,891,1185,1299,41,101,169
-45,65,488,539,792,1046,1299,52,121,199
-45,70,540,598,891,1185,1300,41,101,169
-45,75,540,598,891,1185,1299,41,101,169
-45,80,540,598,891,1185,1299,41,101,169
-45,85,540,598,891,1185,1300,41,101,169
-40,-90,652,729,1117,1299,1299,33,71,123
-40,-85,532,590,877,1164,1299,43,103,173
-40,-80,764,861,1299,1299,1299,28,53,94
-40,-20,547,607,905,1204,1300,40,99,165
-40,-15,559,621,929,1238,1300,39,95,159
-40,-10,559,621,929,1238,1300,39,95,160
-40,-5,714,803,1246,1300,1300,30,60,106
-40,0,692,776,1199,1299,1299,31,65,112
-40,60,528,585,870,1154,1299,43,105,176
-40,65,540,598,891,1185,1300,41,101,169
-40,70,540,598,891,1185,1299,41,101,169
-40,75,540,598,891,1185,1299,41,101,169
-40,80,540,598,891,1185,1300,41,101,169
-40,85,540,598,891,1185,1299,41,101,169
-35,-90,652,729,1117,1299,1299,33,71,123
-35,-85,532,590,877,1164,1299,43,103,173
-35,-80,764,861,1299,1299,1299,28,53,94
-35,-75,652,729,1117,1299,1300,33,71,123
-35,-10,673,755,1161,1300,1300,32,67,116
-35,-5,674,755,1162,1300,1300,32,67,116
-35,65,540,598,891,1185,1299,41,101,169
-35,70,540,598,891,1185,1299,41,101,169
-35,75,540,598,891,1185,1299,41,101,169
-35,80,540,598,891,1185,1299,41,101,169
-35,85,540,598,891,1185,1299,41,101,169
-30,-90,652,729,1117,1300,1300,33,71,123
-30,-85,532,590,877,1164,1299,43,103,173
-30,-80,606,676,1024,1299,1299,36,82,139
-30,-75,714,804,1205,1236,1300,33,67,116
-30,65,582,647,976,1214,1300,38,91,154
-30,70,540,598,891,1185,1299,41,101,169
-30,75,540,598,891,1185,1299,41,101,169
-30,80,540,598,891,1185,1299,41,101,169
-30,85,540,598,891,1185,1299,41,101,169
-25,-90,652,729,1117,1299,1299,33,71,123
-25,-85,532,590,877,1164,1299,43,103,173
-25,-80,606,676,1024,1300,1300,36,82,139
-25,-75,628,702,1048,1169,1299,40,87,147
-25,65,1018,1167,1290,1300,1300,22,33,61
-25,70,703,790,1223,1299,1299,31,62,108
-25,75,703,790,1223,1299,1299,31,62,108
-25,80,703,790,1223,1299,1299,31,62,108
-25,85,640,716,1095,1255,1299,35,77,132
-20,-90,652,729,1117,1300,1300,33,71,123
-20,-85,532,590,877,1164,1299,43,103,173
-20,-80,606,676,1024,1300,1300,36,82,139
-20,-75,764,861,1300,1300,1300,28,53,94
-20,-70,468,515,754,1027,1300,53,126,207
-20,65,1063,1221,1299,1299,1299,20,29,54
-20,70,801,908,1244,1299,1299,28,53,94
-20,75,703,790,1223,1300,1300,31,62,108
-20,80,703,790,1223,1300,1299,31,62,108
-20,85,703,790,1223,1299,1299,31,62,108
-15,-90,652,729,1117,1300,1300,33,71,123
-15,-85,652,729,1117,1299,1299,33,71,123
-15,-80,606,676,1024,1300,1300,36,82,139
-15,-75,488,539,792,1046,1299,52,121,199
-15,-70,510,565,833,1066,1300,50,115,191
-15,10,705,792,1224,1300,1300,28,58,102
-15,15,672,753,1157,1300,1300,32,68,117
-15,20,672,753,1157,1300,1299,32,68,117
-15,25,652,729,1117,1300,1300,33,71,123
-15,65,1063,1221,1300,1300,1300,20,29,55
-15,80,703,790,1223,1299,1299,31,62,108
-15,85,703,790,1223,1300,1300,31,62,108
-10,-90,652,729,1117,1300,1300,33,71,123
-10,-85,652,729,1117,1299,1299,33,71,123
-10,-80,652,729,1117,1300,1300,33,71,123
-10,-75,488,539,792,1046,1300,52,121,199
-10,-70,582,649,965,1132,1300,44,98,164
-10,5,343,375,533,691,848,106,218,345
-10,10,339,370,525,680,835,107,220,350
-10,15,525,581,863,1144,1299,44,106,177
-10,20,425,466,675,883,1091,69,153,249
-10,25,399,437,629,821,1012,79,170,274
-10,30,740,833,1300,1300,1300,29,57,99
-10,35,712,800,1241,1299,1299,30,61,107
-10,40,664,743,1141,1300,1300,33,69,119
-10,50,703,789,1222,1300,1300,31,62,109
-10,55,681,764,1178,1299,1299,32,67,116
-5,-90,652,729,1117,1299,1299,33,71,123
-5,-85,652,729,1117,1299,1299,33,71,123
-5,-80,652,729,1117,1299,1299,33,71,123
-5,-75,488,539,792,1046,1299,52,121,199
-5,-70,470,518,757,1010,1299,54,127,209
-5,5,532,590,877,1164,1300,42,102,171
-5,10,525,581,863,1144,1300,44,106,177
-5,15,525,581,863,1144,1300,44,106,177
-5,20,525,581,863,1144,1299,44,106,177
-5,25,399,437,629,821,1012,79,170,274
-5,30,740,833,1300,1300,1300,29,57,99
-5,35,740,833,1299,1299,1299,29,57,99
-5,40,664,743,1141,1299,1299,33,69,119
-5,45,630,703,1071,1300,1300,34,77,131
-5,50,637,712,1086,1299,1299,34,76,130
-5,55,703,789,1222,1299,1299,31,62,109
-5,60,549,609,908,1300,1300,39,95,160
0,-90,652,729,1117,1300,1300,33,71,123
0,-85,652,729,1117,1299,1299,33,71,123
0,-80,652,729,1117,1300,1300,33,71,123
0,-75,699,785,1214,1300,1300,31,63,110
0,-70,488,539,792,1046,1300,52,121,200
0,5,584,651,982,1213,1299,40,91,153
0,10,525,581,863,1144,1299,44,106,177
0,15,525,581,863,1144,1299,44,106,177
0,20,525,581,863,1144,1300,44,106,177
0,25,540,598,891,1185,1300,41,101,169
0,30,699,785,1214,1300,1300,31,63,110
0,35,740,833,1299,1299,1299,29,57,99
0,40,726,816,1270,1299,1299,30,59,103
0,45,630,704,1073,1299,1299,34,76,130
0,50,703,789,1222,1299,1299,31,62,108
0,55,686,769,1187,1299,1299,32,66,114
5,-90,652,729,1117,1299,1299,33,71,123
5,-85,652,729,1117,1299,1299,33,71,123
5,-80,532,590,877,1164,1299,43,103,173
5,-75,488,539,792,1046,1300,52,121,200
5,-70,488,539,792,1046,1300,52,121,200
5,5,743,837,1195,1300,1300,29,59,103
5,10,488,539,792,1046,1300,52,121,200
5,15,634,708,1080,1300,1300,34,75,129
5,20,488,539,792,1046,1299,52,121,199
5,25,488,539,792,1046,1299,52,121,199
5,30,699,785,1214,1299,1299,31,63,110
5,35,740,833,1299,1299,1299,29,57,99
5,40,870,989,1300,1300,1300,25,44,79
5,45,605,674,1021,1299,1299,36,82,140
5,50,854,969,1299,1299,1299,25,43,78
5,55,784,886,1236,1300,1299,28,53,94
5,60,629,702,1069,1300,1300,34,76,131
5,65,629,702,1069,1300,1299,34,76,131
10,-90,652,729,1117,1300,1300,33,71,123
10,-85,652,729,1117,1299,1299,33,71,123
10,-80,532,590,877,1164,1300,43,103,173
10,-75,488,539,792,1046,1300,52,121,199
10,-70,488,539,792,1046,1300,52,121,200
10,-20,531,588,877,1104,1300,47,108,180
10,-15,488,539,792,1046,1300,52,121,200
10,-10,591,658,996,1187,1300,41,91,154
10,-5,661,740,1137,1280,1288,34,72,123
10,0,399,437,629,821,1012,79,170,274
10,5,634,708,1080,1299,1299,34,75,129
10,10,581,646,973,1300,1300,37,88,149
10,15,634,708,1080,1299,1299,34,75,129
10,20,488,539,792,1046,1300,52,121,199
10,25,488,539,792,1046,1299,52,121,200
10,30,652,729,1117,1300,1300,33,71,123
10,35,699,785,1214,1300,1300,31,63,110
10,40,1117,1286,1294,1300,1300,19,27,51
10,45,910,1036,1300,1300,1300,24,39,70
10,50,703,789,1222,1299,1299,31,62,108
10,55,735,828,1290,1299,1299,29,57,101
10,60,662,742,1138,1300,1300,33,69,120
10,65,630,704,1072,1300,1300,34,76,130
15,-90,652,729,1117,1300,1300,33,71,123
15,-85,532,590,877,1164,1299,43,103,173
15,-80,532,590,877,1164,1300,43,103,173
15,-75,488,539,792,1046,1299,52,121,199
15,-70,764,861,1300,1300,1300,28,53,94
15,-30,704,790,1210,1300,1300,31,62,108
15,-25,672,753,1157,1299,1299,32,68,117
15,-20,488,539,792,1046,1300,52,121,199
15,-15,488,539,792,1046,1299,52,121,200
15,-10,488,539,792,1046,1299,52,121,199
15,-5,605,675,1022,1300,1300,36,82,139
15,0,399,437,629,821,1012,79,170,274
15,5,634,708,1080,1299,1299,34,75,129
15,10,672,753,1157,1300,1299,32,68,117
15,15,672,753,1157,1299,1299,32,68,117
15,20,540,598,891,1185,1299,41,101,169
15,25,540,598,891,1185,1299,41,101,169
15,30,652,729,1117,1299,1299,33,71,123
15,35,841,955,1214,1300,1300,27,51,89
15,40,1015,1163,1300,1300,1300,21,31,57
15,45,542,601,896,1191,1300,41,100,168
15,50,610,680,1030,1300,1300,36,81,138
15,55,581,646,973,1299,1300,37,88,150
15,60,581,646,973,1300,1300,37,88,150
15,65,619,690,1049,1300,1300,35,79,135
15,70,607,676,1024,1300,1300,36,82,139
15,75,697,782,1209,1299,1299,31,63,110
15,80,697,782,1209,1300,1300,31,63,110
20,-90,652,729,1117,1300,1300,33,71,123
20,-85,532,590,877,1164,1299,43,103,173
20,-80,532,590,877,1164,1300,43,103,173
20,-75,488,539,792,1046,1299,52,121,199
20,-70,488,539,792,1046,1300,52,121,199
20,-35,790,893,1300,1300,1300,27,50,89
20,-30,633,707,1077,1300,1300,34,76,130
20,-25,633,707,1077,1300,1299,34,76,129
20,-20,488,539,792,1046,1299,52,121,199
20,-15,488,539,792,1046,1300,52,121,200
20,-10,488,539,792,1046,1300,52,121,200
20,-5,605,675,1022,1300,1299,36,82,139
20,0,605,675,1022,1300,1300,36,82,140
20,5,605,675,1022,1299,1299,36,82,140
20,10,672,753,1157,1300,1300,32,68,117
20,15,634,708,1080,1300,1300,34,75,129
20,20,540,598,891,1185,1300,41,101,169
20,25,540,598,891,1185,1299,41,101,169
20,30,652,729,1117,1299,1299,33,71,123
20,35,620,691,1049,1299,1300,33,77,132
20,40,501,554,817,1080,1300,49,115,191
20,45,800,904,1299,1299,1299,27,49,87
20,50,639,714,1090,1299,1300,34,74,127
20,55,613,684,1037,1300,1300,35,80,137
20,60,548,607,907,1206,1300,40,98,165
20,65,548,607,907,1206,1299,40,98,165
20,70,619,691,1050,1300,1300,34,78,134
20,75,697,782,1209,1300,1300,31,63,110
20,80,697,782,1209,1300,1300,31,63,110
25,-90,652,729,1117,1299,1299,33,71,123
25,-85,532,590,877,1164,1299,43,103,173
25,-80,532,590,877,1164,1299,43,103,173
25,-75,488,539,792,1046,1300,52,121,200
25,-70,488,539,792,1046,1299,52,121,199
25,-35,784,886,1294,1300,1300,28,51,90
25,-30,633,707,1077,1299,1299,34,76,130
25,-25,504,557,822,1087,1299,48,114,190
25,-20,672,753,1157,1300,1299,32,68,117
25,-15,672,753,1157,1300,1299,32,68,117
25,-10,582,647,975,1299,1300,37,88,149
25,-5,605,675,1022,1299,1299,36,82,140
25,0,605,675,1022,1300,1299,36,82,140
25,5,488,539,792,1046,1300,52,121,199
25,10,672,753,1157,1300,1300,32,68,117
25,15,540,598,891,1185,1300,41,101,169
25,20,540,598,891,1185,1300,41,101,169
25,25,540,598,891,1185,1300,41,101,169
25,30,652,729,1117,1300,1300,33,71,123
25,35,643,721,1027,1176,1240,41,88,148
25,40,761,860,1206,1234,1273,33,64,110
25,45,594,662,999,1300,1299,36,85,144
25,50,520,576,854,1131,1299,45,108,180
25,55,537,595,886,1177,1300,42,102,171
25,60,505,558,823,1089,1299,48,114,189
25,65,425,466,675,883,1091,69,153,250
25,70,570,633,950,1268,1299,38,91,154
25,80,697,782,1209,1300,1300,31,63,110
30,-90,656,734,1125,1300,1300,33,70,121
30,-85,532,590,877,1164,1300,43,103,173
30,-80,532,590,877,1164,1299,43,103,173
30,-75,488,539,792,1046,1300,52,121,199
30,-70,488,539,792,1046,1299,52,121,199
30,-35,654,732,1108,1300,1300,33,72,124
30,-30,633,707,1077,1299,1299,34,76,129
30,-25,504,557,822,1087,1300,48,114,190
30,-20,488,539,792,1046,1299,52,121,199
30,-15,672,753,1157,1299,1299,32,68,117
30,-10,540,598,891,1185,1299,41,101,169
30,-5,1007,1153,1300,1300,1300,21,32,59
30,0,1007,1153,1299,1299,1299,21,32,60
30,5,672,753,1157,1299,1299,32,68,117
30,10,672,753,1157,1299,1299,32,68,117
30,15,634,708,1080,1300,1300,34,75,129
30,20,672,753,1157,1300,1300,32,68,117
30,25,672,753,1157,1299,1299,32,68,117
30,30,652,729,1117,1299,1299,33,71,123
30,35,850,966,1231,1299,1299,27,49,87
30,40,581,646,973,1300,1300,37,88,149
30,45,676,758,1138,1300,1300,32,67,117
30,50,475,524,768,1012,1256,55,126,208
30,55,458,504,736,968,1199,59,135,221
30,60,518,574,850,1127,1299,45,108,181
30,65,425,466,675,883,1091,69,153,250
30,70,488,539,792,1046,1300,52,121,200
35,-90,660,739,1133,1300,1300,33,69,120
35,-85,532,590,877,1164,1299,43,103,173
35,-80,532,590,877,1164,1300,43,103,173
35,-75,532,590,877,1164,1299,43,103,173
35,-70,488,539,792,1046,1299,52,121,199
35,-25,655,733,1124,1279,1300,34,72,124
35,-20,684,767,1188,1300,1300,31,63,110
35,-15,1007,1153,1300,1300,1300,21,32,59
35,-10,672,753,1157,1299,1299,32,68,117
35,-5,425,466,675,883,1091,69,153,250
35,0,532,590,877,1164,1299,43,103,173
35,5,1007,1153,1299,1299,1299,21,32,59
35,10,672,753,1157,1299,1299,32,68,117
35,15,672,753,1157,1299,1299,32,68,117
35,20,634,708,1080,1299,1299,34,75,129
35,25,1128,1299,1299,1299,1299,19,26,49
35,30,652,729,1117,1300,1300,33,71,123
35,35,823,934,1180,1299,1299,28,55,96
35,40,788,890,1299,1299,1299,27,50,89
35,45,707,794,1230,1299,1299,31,62,107
35,50,641,717,1094,1300,1300,34,74,127
35,55,475,524,768,1012,1255,55,127,209
35,60,482,532,781,1030,1279,53,123,204
35,65,400,439,631,823,1015,78,169,273
35,70,480,529,777,1024,1269,54,124,205
40,-90,660,739,1132,1300,1300,33,69,120
40,-85,532,590,877,1164,1300,43,103,173
40,-80,532,590,877,1164,1299,43,103,173
40,-75,532,590,877,1164,1299,43,103,173
40,-70,532,590,877,1164,1300,43,103,173
40,-20,672,753,1157,1300,1300,32,68,117
40,-15,672,753,1157,1300,1300,32,68,117
40,-10,672,753,1157,1299,1300,32,68,117
40,-5,674,755,1162,1300,1300,32,67,116
40,0,652,729,1117,1299,1299,33,71,123
40,5,672,753,1157,1300,1300,32,68,117
40,10,1007,1153,1299,1299,1299,21,32,60
40,15,1128,1300,1300,1300,1300,19,26,49
40,20,634,708,1080,1299,1299,34,75,129
40,25,699,785,1214,1300,1300,31,63,109
40,30,672,753,1157,1299,1299,32,68,117
40,35,764,861,1299,1299,1299,28,53,94
40,40,788,890,1300,1300,1300,27,50,90
40,45,645,721,1102,1299,1299,34,73,126
40,50,552,612,915,1218,1299,39,97,163
40,55,549,609,909,1209,1300,40,98,165
40,60,549,609,909,1209,1299,40,98,164
40,65,460,507,740,973,1206,59,134,220
40,70,503,556,823,1049,1237,52,119,197
45,-90,660,739,1133,1300,1300,33,69,120
45,-85,699,785,1214,1299,1299,31,63,109
45,-80,532,590,877,1164,1300,43,103,173
45,-75,532,590,877,1164,1299,43,103,173
45,-70,532,590,877,1164,1300,43,103,173
45,-65,488,539,792,1046,1299,52,121,199
45,-25,672,753,1157,1300,1300,32,68,117
45,-20,672,753,1157,1300,1300,32,68,117
45,-15,713,801,1239,1300,1300,28,56,99
45,0,667,747,1148,1300,1300,32,69,118
45,5,652,729,1117,1299,1299,33,71,123
45,10,652,729,1117,1299,1299,33,71,123
45,15,634,708,1080,1299,1299,34,75,129
45,20,634,708,1080,1299,1299,34,75,129
45,25,672,753,1157,1299,1299,32,68,117
45,30,672,753,1157,1299,1299,32,68,117
45,35,764,861,1300,1300,1300,28,53,94
45,40,788,890,1300,1300,1300,27,50,90
45,45,788,890,1299,1299,1299,27,50,89
45,50,581,646,973,1300,1300,37,88,150
45,55,474,523,766,1010,1253,55,127,209
45,60,538,596,888,1180,1300,41,101,170
45,65,549,609,909,1209,1299,40,98,164
45,70,647,723,1107,1271,1285,35,75,128
50,-90,655,733,1123,1300,1300,33,71,122
50,-85,699,785,1214,1299,1299,31,63,109
50,-80,532,590,877,1164,1300,43,103,173
50,-75,532,590,877,1164,1299,43,103,173
50,-70,532,590,877,1164,1299,43,103,173
50,-65,488,539,792,1046,1299,52,121,200
50,-25,553,614,921,1141,1300,44,101,170
50,-20,477,526,770,1026,1300,53,124,205
50,-15,488,539,792,1046,1300,52,121,200
50,5,672,753,1158,1300,1300,32,68,117
50,10,672,753,1157,1299,1299,32,68,117
50,15,672,753,1157,1300,1300,32,68,117
50,20,672,753,1157,1300,1300,32,68,117
50,25,672,753,1157,1300,1300,32,68,117
50,30,764,861,1299,1299,1299,28,53,94
50,35,764,861,1299,1300,1299,28,53,94
50,40,706,793,1192,1300,1300,31,63,110
50,45,778,879,1300,1300,1300,28,51,91
50,50,851,965,1300,1300,1300,25,44,79
50,55,570,634,952,1270,1299,38,91,154
50,60,460,507,740,973,1206,59,134,220
50,65,652,729,1117,1299,1300,33,71,123
50,70,663,743,1140,1300,1299,33,69,120
55,-90,649,726,1111,1299,1299,33,72,124
55,-85,532,590,877,1164,1299,43,103,173
55,-80,532,590,877,1164,1300,43,103,173
55,-75,488,539,792,1046,1299,52,121,199
55,-70,532,590,877,1164,1300,43,103,173
55,-65,488,539,792,1045,1299,52,121,200
55,15,953,1090,1245,1300,1300,24,42,75
55,20,672,753,1157,1299,1299,32,68,117
55,25,672,753,1157,1299,1299,32,68,117
55,30,788,890,1299,1299,1299,27,50,89
55,35,788,890,1300,1300,1300,27,50,90
55,40,788,890,1299,1299,1299,27,50,89
55,45,809,916,1299,1299,1299,27,48,87
55,50,695,780,1205,1299,1300,31,64,111
55,55,478,527,773,1019,1265,54,125,206
55,60,494,546,804,1062,1300,50,118,196
55,65,652,729,1117,1300,1300,33,71,123
55,70,691,773,1182,1300,1300,31,66,116
55,75,702,788,1216,1300,1300,31,63,110
60,-90,649,726,1110,1299,1300,33,72,124
60,-85,532,590,877,1164,1299,43,103,173
60,-80,532,590,877,1164,1300,43,103,173
60,-75,488,539,792,1046,1300,52,121,199
60,-70,532,590,877,1164,1300,43,103,173
60,-65,519,574,851,1129,1299,45,109,181
60,20,672,753,1157,1300,1300,32,68,117
60,25,760,857,1265,1299,1299,29,55,96
60,30,788,890,1300,1300,1300,27,50,90
60,35,788,890,1299,1300,1300,27,50,89
60,40,764,861,1299,1299,1299,28,53,94
60,45,705,792,1227,1299,1299,31,62,108
60,50,508,561,830,1098,1300,47,113,188
60,55,493,544,801,1058,1299,51,119,197
60,60,504,557,822,1087,1300,48,114,190
60,65,515,570,844,1118,1300,46,110,183
60,70,654,732,1121,1300,1300,33,71,123
60,75,697,782,1209,1299,1299,31,63,110
65,-90,649,726,1110,1299,1299,33,72,124
65,-85,532,590,877,1164,1299,43,103,173
65,-80,532,590,877,1164,1299,43,103,173
65,-75,488,539,792,1046,1299,52,121,199
65,-70,532,590,877,1164,1299,43,103,173
65,-65,532,590,877,1164,1300,43,103,173
65,25,765,864,1299,1299,1299,28,53,94
65,30,788,890,1299,1299,1299,27,50,89
65,35,764,861,1299,1299,1299,28,53,94
65,40,764,861,1299,1299,1299,28,53,94
65,45,700,786,1217,1299,1299,31,63,109
65,50,703,790,1223,1299,1299,31,62,108
65,55,581,646,973,1300,1300,37,88,149
65,60,518,573,849,1125,1299,45,109,181
65,65,518,573,849,1125,1299,45,109,181
65,70,659,738,1133,1300,1299,33,71,122
65,75,697,783,1210,1300,1299,31,63,110
70,-90,652,729,1117,1300,1300,33,71,123
70,-85,532,590,877,1164,1299,43,103,173
70,-80,532,590,877,1164,1300,43,103,173
70,-75,488,539,792,1046,1300,52,121,200
70,-70,488,539,792,1046,1300,52,121,199
70,-65,619,691,1035,1215,1300,37,85,144
70,20,682,766,1186,1236,1285,35,72,124
70,25,740,833,1299,1299,1299,29,57,99
70,30,788,890,1300,1300,1300,27,50,90
70,35,764,861,1299,1299,1299,28,53,94
70,40,764,861,1300,1300,1300,28,53,94
70,45,700,786,1217,1299,1299,31,63,109
70,50,488,539,792,1046,1300,52,121,199
70,55,581,646,973,1299,1299,37,88,149
70,60,788,890,1300,1300,1300,27,50,89
70,65,788,890,1300,1299,1299,27,50,89
70,70,729,821,1278,1300,1300,30,58,102
70,75,697,783,1210,1299,1299,31,63,110
75,-90,653,731,1119,1300,1300,33,71,123
75,-85,532,590,877,1164,1299,43,103,173
75,-80,532,590,877,1164,1300,43,103,173
75,-75,532,590,877,1164,1299,43,103,173
75,-70,764,861,1300,1300,1300,28,53,94
75,10,465,512,749,986,1222,57,131,216
75,15,454,499,728,957,1185,60,137,224
75,20,467,514,752,990,1228,57,130,214
75,25,414,454,655,857,1058,73,160,260
75,30,740,833,1299,1299,1299,29,57,99
75,35,788,890,1299,1299,1299,27,50,90
75,40,623,695,1057,1299,1299,35,78,133
75,45,672,753,1157,1299,1299,32,68,117
75,50,581,646,973,1300,1300,37,88,150
75,55,581,646,973,1300,1299,37,88,149
75,60,729,821,1278,1300,1300,30,58,102
75,65,788,890,1299,1299,1299,27,50,89
75,70,729,821,1278,1299,1299,30,58,102
75,75,696,781,1208,1299,1299,31,63,110
80,-90,652,729,1117,1299,1299,33,71,123
80,-85,532,590,877,1164,1299,43,103,173
80,-80,532,590,877,1164,1300,43,103,173
80,-75,532,590,877,1164,1299,43,103,173
80,-70,532,590,877,1164,1300,43,103,173
80,-65,532,590,877,1164,1300,43,103,173
80,5,486,537,789,1041,1293,52,121,201
80,10,488,539,792,1046,1299,52,121,199
80,15,581,646,973,1300,1300,37,88,150
80,20,488,539,792,1046,1299,52,121,199
80,25,488,539,792,1046,1299,52,121,199
80,30,788,890,1299,1299,1299,27,50,89
80,35,521,576,854,1133,1299,45,108,179
80,40,540,598,891,1185,1299,41,101,169
80,45,672,753,1157,1299,1299,32,68,117
80,50,672,753,1157,1300,1300,32,68,117
80,55,559,621,929,1238,1299,39,95,159
80,60,788,890,1300,1300,1300,27,50,90
80,65,788,890,1299,1299,1299,27,50,89
80,70,700,786,1217,1299,1299,31,63,109
80,75,726,817,1269,1300,1300,29,56,99
85,-90,652,729,1117,1300,1300,33,71,123
85,-85,532,590,877,1164,1299,43,103,173
85,-80,532,590,877,1164,1300,43,103,173
85,-75,532,590,877,1164,1299,43,103,173
85,-70,532,590,877,1164,1299,43,103,173
85,-65,532,590,877,1164,1300,43,103,173
85,15,573,637,957,1277,1300,38,91,153
85,20,564,627,939,1252,1299,38,93,157
85,25,740,833,1299,1299,1299,29,57,100
85,30,488,539,792,1046,1299,52,121,199
85,35,521,576,854,1133,1299,45,108,180
85,40,540,598,891,1185,1299,41,101,169
85,45,672,753,1157,1299,1299,32,68,117
85,50,700,786,1217,1300,1300,31,63,109
85,55,559,621,929,1238,1299,39,95,159
85,60,559,621,929,1238,1300,39,95,160
85,65,672,753,1157,1299,1299,32,68,117
85,70,559,621,929,1238,1299,39,95,159
85,75,661,740,1138,1265,1300,34,72,124
90,-90,659,738,1132,1300,1300,33,69,120
90,-85,532,590,877,1164,1299,43,103,173
90,-80,532,590,877,1164,1300,43,103,173
90,-75,532,590,877,1164,1300,43,103,173
90,-70,532,590,877,1164,1299,43,103,173
90,-65,532,590,877,1164,1300,43,103,173
90,20,682,765,1174,1287,1300,32,68,117
90,25,700,786,1217,1299,1299,31,63,109
90,30,488,539,792,1046,1299,52,121,199
90,35,488,539,792,1046,1299,52,121,199
90,40,605,675,1022,1299,1300,36,82,139
90,45,605,675,1022,1299,1299,36,82,140
90,50,700,786,1217,1300,1300,31,63,109
90,55,672,753,1157,1299,1299,32,68,117
90,60,404,443,638,832,1027,77,167,270
90,65,474,523,766,1010,1253,55,127,209
90,70,539,597,890,1182,1300,41,101,170
90,75,532,590,877,1164,1299,43,103,173
95,-90,655,733,1123,1300,1300,33,70,122
95,-85,532,590,877,1164,1299,43,103,173
95,-80,532,590,877,1164,1299,43,103,173
95,-75,532,590,877,1164,1300,43,103,173
95,-70,532,590,877,1164,1299,43,103,173
95,-65,532,590,877,1164,1300,43,103,173
95,5,764,861,1300,1300,1300,28,53,94
95,15,764,861,1300,1300,1300,28,53,94
95,20,764,861,1300,1300,1300,28,53,94
95,25,764,861,1300,1300,1299,28,53,94
95,30,488,539,792,1046,1299,52,121,199
95,35,488,539,792,1046,1300,52,121,200
95,40,605,675,1022,1299,1299,36,82,139
95,45,700,786,1217,1299,1299,31,63,109
95,50,700,786,1217,1299,1299,31,63,109
95,55,474,523,766,1010,1253,55,127,209
95,60,521,576,854,1133,1299,45,108,179
95,65,521,576,854,1133,1300,45,108,179
95,70,536,594,884,1174,1299,42,102,171
95,75,532,590,877,1164,1300,43,103,173
95,80,532,590,877,1164,1300,43,103,173
100,-90,649,726,1110,1299,1299,33,72,124
100,-85,699,785,1214,1299,1299,31,63,110
100,-80,532,590,877,1164,1299,43,103,173
100,-75,764,861,1299,1299,1300,28,53,94
100,-70,764,861,1300,1300,1300,28,53,94
100,-65,527,583,867,1161,1299,43,105,175
100,-5,764,861,1299,1299,1299,28,53,94
100,0,764,861,1300,1300,1300,28,53,94
100,5,764,861,1299,1299,1299,28,53,94
100,10,762,860,1297,1300,1300,28,54,95
100,15,764,861,1299,1299,1299,28,53,94
100,20,764,861,1300,1300,1300,28,53,94
100,25,664,743,1141,1300,1299,33,69,119
100,30,488,539,792,1046,1299,52,121,199
100,35,488,539,792,1046,1299,52,121,199
100,40,605,675,1022,1299,1300,36,82,140
100,45,700,786,1217,1299,1299,31,63,109
100,50,764,861,1299,1299,1299,28,53,94
100,55,559,621,929,1238,1299,39,95,159
100,60,540,598,891,1185,1299,41,101,169
100,65,540,598,891,1185,1300,41,101,169
100,70,559,621,929,1238,1299,39,95,160
100,75,699,785,1214,1299,1299,31,63,109
100,80,540,598,891,1185,1299,41,101,169
105,-90,649,726,1110,1300,1299,33,72,124
105,-85,699,785,1214,1299,1299,31,63,109
105,-80,532,590,877,1164,1300,43,103,173
105,-75,764,861,1299,1299,1299,28,53,94
105,-70,764,861,1300,1300,1300,28,53,94
105,-65,530,587,873,1163,1300,43,104,174
105,-5,764,861,1299,1299,1299,28,53,94
105,0,764,861,1299,1299,1299,28,53,94
105,5,732,824,1248,1300,1300,30,59,102
105,10,646,722,1104,1300,1300,34,73,125
105,15,646,722,1104,1299,1299,34,73,125
105,20,764,861,1299,1300,1300,28,53,94
105,25,605,675,1022,1299,1299,36,82,139
105,30,549,609,909,1209,1299,40,98,164
105,35,691,776,1198,1300,1299,31,64,112
105,40,605,675,1022,1300,1300,36,82,140
105,45,700,786,1217,1299,1299,31,63,109
105,50,764,861,1300,1300,1300,28,53,94
105,55,474,522,765,1008,1251,55,127,209
105,60,404,443,638,832,1027,77,167,270
105,65,559,621,929,1238,1300,39,95,159
105,70,339,370,525,680,835,107,220,350
105,75,699,785,1214,1299,1299,31,63,109
105,80,563,626,939,1202,1299,40,95,160
110,-90,650,727,1112,1300,1300,33,72,124
110,-85,699,785,1214,1299,1299,31,63,109
110,-80,532,590,877,1164,1299,43,103,173
110,-75,764,861,1300,1300,1300,28,53,94
110,-70,764,861,1300,1300,1300,28,53,94
110,-65,532,590,877,1164,1299,43,103,173
110,-10,764,861,1300,1300,1300,28,53,94
110,-5,764,861,1299,1299,1299,28,53,94
110,0,764,861,1300,1300,1300,28,53,94
110,5,764,861,1300,1300,1300,28,53,94
110,10,646,722,1104,1299,1299,34,73,125
110,15,663,742,1132,1300,1300,33,70,121
110,20,764,861,1300,1300,1300,28,53,94
110,25,764,861,1300,1300,1300,28,53,94
110,30,646,722,1104,1299,1299,34,73,125
110,35,605,675,1022,1299,1299,36,82,139
110,40,605,675,1022,1299,1299,36,82,139
110,45,700,786,1217,1300,1299,31,63,109
110,50,764,861,1300,1299,1299,28,53,94
110,55,672,753,1157,1299,1300,32,68,117
110,60,339,370,525,680,835,107,220,349
110,65,339,370,525,680,835,107,220,349
110,70,339,370,525,680,835,107,220,349
110,75,699,785,1214,1300,1300,31,63,110
110,80,699,785,1214,1300,1300,31,63,109
115,-90,649,726,1111,1300,1300,33,72,124
115,-85,699,785,1214,1299,1299,31,63,109
115,-80,532,590,877,1164,1299,43,103,173
115,-75,764,861,1300,1299,1299,28,53,94
115,-70,764,861,1299,1299,1300,28,53,94
115,-65,559,621,944,1202,1300,40,95,160
115,-35,531,588,874,1159,1300,43,104,174
115,-30,532,590,877,1164,1300,43,103,173
115,-25,532,590,877,1164,1299,43,103,173
115,-20,536,594,885,1175,1300,42,102,171
115,-5,764,861,1299,1299,1299,28,53,94
115,0,764,861,1300,1300,1300,28,53,94
115,5,764,861,1299,1299,1299,28,53,94
115,20,708,795,1226,1299,1299,31,62,107
115,25,699,785,1214,1300,1300,31,63,109
115,30,646,722,1104,1299,1299,34,73,125
115,35,605,675,1022,1300,1300,36,82,140
115,40,605,675,1022,1300,1300,36,82,140
115,45,700,786,1217,1300,1300,31,63,109
115,50,700,786,1217,1299,1299,31,63,109
115,55,460,507,740,973,1206,59,134,219
115,60,474,523,766,1010,1253,55,127,209
115,65,339,370,525,680,835,107,220,349
115,70,559,621,929,1238,1299,39,95,159
115,75,577,642,967,1200,1300,39,93,156
120,-90,649,726,1110,1299,1299,33,72,124
120,-85,699,785,1214,1300,1300,31,63,109
120,-80,532,590,877,1164,1299,43,103,173
120,-75,764,861,1299,1299,1300,28,53,94
120,-70,764,861,1299,1299,1299,28,53,94
120,-65,677,758,1184,1299,1299,32,66,115
120,-35,559,621,929,1237,1300,37,94,158
120,-30,448,492,717,941,1165,62,140,230
120,-25,532,590,877,1164,1300,43,103,173
120,-20,458,504,736,968,1199,59,135,221
120,-15,644,720,1102,1258,1300,35,77,131
120,-5,764,861,1300,1300,1300,28,53,94
120,0,764,861,1300,1300,1300,28,53,94
120,5,764,861,1299,1299,1299,28,53,94
120,10,764,861,1300,1300,1300,28,53,94
120,15,764,861,1300,1300,1300,28,53,94
120,20,752,848,1285,1300,1300,29,55,97
120,25,695,780,1208,1299,1299,31,63,110
120,30,646,722,1104,1300,1300,34,73,125
120,35,604,673,1019,1299,1299,36,82,140
120,40,681,763,1176,1300,1300,32,66,115
120,45,700,786,1217,1299,1299,31,63,109
120,50,700,786,1217,1299,1299,31,63,109
120,55,549,609,909,1209,1300,40,98,164
120,60,536,594,884,1174,1300,42,102,171
120,65,633,707,1077,1300,1300,34,76,129
120,70,536,594,884,1174,1299,42,102,171
120,75,543,602,897,1193,1300,41,100,168
125,-90,649,726,1111,1299,1299,33,72,124
125,-85,699,785,1214,1299,1299,31,63,109
125,-80,532,590,877,1164,1300,43,103,173
125,-75,764,861,1299,1299,1299,28,53,94
125,-70,699,785,1214,1299,1299,31,63,110
125,-65,699,785,1214,1300,1300,31,63,109
125,-35,561,623,933,1243,1300,38,93,157
125,-30,601,670,1014,1299,1299,36,83,141
125,-25,708,796,1233,1300,1299,31,61,107
125,-20,708,796,1233,1299,1299,31,61,107
125,-15,605,675,1022,1300,1300,36,82,140
125,-5,764,861,1300,1300,1300,28,53,94
125,0,764,861,1300,1300,1300,28,53,94
125,5,764,861,1300,1300,1300,28,53,94
125,10,764,861,1300,1300,1300,28,53,94
125,15,764,861,1299,1299,1299,28,53,94
125,35,641,716,1094,1300,1300,34,74,127
125,40,664,743,1141,1300,1300,33,69,119
125,45,646,722,1104,1299,1299,34,73,125
125,50,672,753,1157,1300,1300,32,68,117
125,55,549,609,909,1209,1299,40,98,164
125,60,536,594,884,1174,1300,42,102,171
125,65,633,707,1077,1299,1299,34,76,129
125,70,525,581,863,1144,1300,44,106,177
125,75,555,617,920,1193,1299,41,98,164
130,-90,651,728,1114,1299,1299,33,72,124
130,-85,699,785,1214,1299,1299,31,63,109
130,-80,532,590,877,1164,1300,43,103,173
130,-75,764,861,1299,1299,1300,28,53,94
130,-70,532,590,877,1164,1300,43,103,173
130,-65,708,795,1232,1300,1300,30,61,106
130,-35,570,633,950,1268,1299,38,91,154
130,-30,570,633,950,1268,1299,38,91,154
130,-25,582,647,975,1300,1300,37,88,149
130,-20,504,557,822,1087,1299,48,114,189
130,-15,548,607,907,1206,1299,40,98,165
130,-10,586,653,973,1154,1300,42,95,160
130,-5,538,596,892,1246,1300,40,98,165
130,0,665,746,1122,1276,1300,33,73,125
130,30,764,861,1300,1300,1300,28,53,94
130,35,707,794,1210,1299,1299,31,62,109
130,40,645,722,1096,1299,1300,34,74,127
130,45,605,675,1022,1299,1299,36,82,139
130,50,764,861,1300,1300,1300,28,53,94
130,55,549,609,909,1209,1300,40,98,165
130,60,559,621,929,1238,1300,39,95,160
130,65,845,959,1299,1300,1300,26,44,80
130,70,605,675,1022,1299,1299,36,82,139
130,75,646,723,1092,1283,1300,34,75,129
135,-90,649,726,1111,1299,1299,33,72,124
135,-85,699,785,1214,1299,1299,31,63,109
135,-80,764,861,1300,1299,1299,28,53,94
135,-75,532,590,877,1164,1300,43,103,173
135,-70,532,590,877,1164,1299,43,103,173
135,-65,694,779,1205,1296,1300,31,64,111
135,-35,616,687,1023,1274,1300,36,83,141
135,-30,601,670,1014,1299,1299,36,83,141
135,-25,559,621,929,1238,1299,39,95,159
135,-20,619,690,1049,1300,1300,35,79,135
135,-15,548,607,907,1206,1299,40,98,165
135,-10,527,583,867,1150,1300,44,106,177
135,-5,543,602,901,1247,1300,40,97,164
135,0,796,900,1300,1300,1300,27,47,84
135,30,764,861,1299,1299,1299,28,53,94
135,35,764,861,1300,1300,1300,28,53,94
135,40,764,861,1299,1299,1299,28,53,94
135,45,764,861,1300,1300,1300,28,53,94
135,50,764,861,1299,1299,1299,28,53,94
135,55,764,861,1300,1300,1299,28,53,94
135,60,633,707,1077,1299,1299,34,76,130
135,65,764,861,1299,1299,1299,28,53,94
135,70,605,675,1022,1299,1299,36,82,140
135,75,724,814,1248,1299,1299,30,59,104
140,-90,651,728,1114,1300,1300,33,72,124
140,-85,699,785,1214,1299,1299,31,63,109
140,-80,764,861,1300,1299,1299,28,53,94
140,-75,532,590,877,1164,1299,43,103,173
140,-70,532,590,877,1164,1299,43,103,173
140,-65,775,874,1300,1300,1300,26,44,81
140,-40,747,842,1300,1300,1300,29,56,98
140,-35,740,833,1299,1299,1299,29,57,99
140,-30,664,743,1141,1300,1300,33,69,120
140,-25,605,675,1022,1299,1299,36,82,139
140,-20,605,675,1022,1300,1300,36,82,139
140,-15,569,632,949,1247,1299,38,92,155
140,-10,563,625,938,1255,1299,38,93,157
140,-5,764,861,1299,1299,1299,28,53,94
140,0,764,861,1300,1299,1299,28,53,94
140,35,764,861,1300,1300,1300,28,53,94
140,40,764,861,1299,1299,1299,28,53,94
140,45,764,861,1299,1300,1300,28,53,94
140,50,764,861,1300,1300,1300,28,53,94
140,55,764,861,1300,1300,1300,28,53,94
140,60,764,861,1299,1299,1300,28,53,94
140,65,764,861,1300,1300,1300,28,53,94
140,70,764,861,1299,1299,1299,28,53,94
140,75,700,786,1217,1300,1300,31,63,109
145,-90,652,729,1117,1300,1300,33,71,123
145,-85,699,785,1214,1299,1299,31,63,109
145,-80,699,785,1214,1299,1299,31,63,109
145,-75,764,861,1300,1300,1300,28,53,94
145,-70,699,785,1214,1299,1299,31,63,109
145,-65,699,785,1214,1300,1300,31,63,110
145,-45,815,923,1300,1300,1300,26,47,85
145,-40,768,867,1283,1299,1299,28,53,94
145,-35,879,999,1299,1299,1299,25,41,75
145,-30,879,999,1299,1299,1299,25,41,75
145,-25,708,796,1233,1299,1299,31,61,107
145,-20,699,785,1214,1299,1299,31,63,109
145,-15,633,707,1077,1300,1300,34,76,129
145,-10,713,801,1215,1300,1300,31,62,107
145,-5,764,861,1299,1300,1300,28,53,94
145,40,764,861,1299,1300,1300,28,53,94
145,45,764,861,1299,1299,1300,28,53,94
145,50,764,861,1300,1300,1300,28,53,94
145,55,764,861,1300,1300,1300,28,53,94
145,60,764,861,1299,1300,1300,28,53,94
145,65,540,598,891,1185,1299,41,101,169
145,70,764,861,1300,1299,1299,28,53,94
145,75,764,861,1300,1300,1300,28,53,94
150,-90,649,726,1110,1300,1300,33,72,124
150,-85,699,785,1214,1299,1299,31,63,109
150,-80,764,861,1300,1300,1300,28,53,94
150,-75,699,785,1214,1299,1299,31,63,109
150,-70,699,785,1214,1299,1299,31,63,109
150,-40,766,865,1272,1300,1300,28,54,95
150,-35,788,890,1300,1300,1300,27,50,89
150,-30,633,707,1077,1300,1299,34,76,130
150,-25,633,707,1077,1299,1299,34,76,129
150,-20,646,722,1105,1300,1300,34,73,126
150,-10,764,861,1300,1300,1300,28,53,94
150,-5,764,861,1300,1300,1300,28,53,94
150,60,764,861,1299,1299,1299,28,53,94
150,65,540,598,891,1185,1299,41,101,169
150,70,764,861,1300,1300,1300,28,53,94
150,75,764,861,1300,1300,1300,28,53,94
155,-90,649,726,1110,1300,1299,33,72,124
155,-85,764,861,1299,1299,1299,28,53,94
155,-80,764,861,1300,1300,1300,28,53,94
155,-75,699,785,1214,1299,1299,31,63,110
155,-70,699,785,1214,1299,1299,31,63,109
155,-30,633,707,1077,1299,1299,34,76,129
155,-25,633,707,1077,1300,1300,34,76,130
155,50,764,861,1300,1300,1300,28,53,94
155,55,764,861,1300,1300,1300,28,53,94
155,60,764,861,1299,1299,1299,28,53,94
155,65,488,539,792,1046,1299,52,121,200
155,70,764,861,1300,1300,1300,28,53,94
160,-90,649,726,1110,1300,1300,33,72,124
160,-85,764,861,1299,1299,1299,28,53,94
160,-80,764,861,1300,1300,1300,28,53,94
160,-75,699,785,1214,1299,1299,31,63,109
160,-70,699,785,1214,1299,1299,31,63,109
160,50,764,861,1300,1300,1300,28,53,94
160,55,764,861,1299,1299,1299,28,53,94
160,60,667,748,1122,1210,1299,36,77,131
160,65,540,598,891,1185,1299,41,101,169
160,70,764,861,1300,1299,1299,28,53,94
165,-90,649,726,1111,1299,1299,33,72,124
165,-85,764,861,1299,1299,1299,28,53,94
165,-80,764,861,1299,1299,1299,28,53,94
165,-75,667,747,1146,1299,1299,32,69,119
165,-70,713,802,1244,1299,1299,30,60,105
165,55,764,861,1300,1300,1300,28,53,94
165,60,764,861,1299,1299,1299,28,53,94
165,65,540,598,891,1185,1299,41,101,169
165,70,767,866,1300,1300,1300,28,53,93
170,-90,652,729,1117,1299,1299,33,71,123
170,-85,764,861,1299,1299,1299,28,53,94
170,-80,764,861,1299,1299,1299,28,53,94
170,-75,699,785,1194,1300,1300,31,64,111
170,-70,664,744,1142,1300,1300,33,69,120
170,-45,764,861,1299,1299,1299,28,53,94
170,-40,764,861,1300,1300,1300,28,53,94
170,60,764,861,1299,1299,1299,28,53,94
170,65,764,861,1300,1300,1300,28,53,94
170,70,764,861,1299,1299,1299,28,53,94
175,-90,687,770,1188,1300,1300,32,65,113
175,-85,764,861,1299,1299,1299,28,53,94
175,-80,764,861,1300,1300,1300,28,53,94
175,-45,764,861,1300,1300,1300,28,53,94
175,-40,764,861,1299,1299,1299,28,53,94
175,-35,764,861,1299,1299,1299,28,53,94
175,60,764,861,1300,1300,1300,28,53,94
175,65,764,861,1299,1299,1299,28,53,94
175,70,764,861,1299,1299,1299,28,53,94
180,-90,690,774,1196,1300,1300,31,64,112
180,-85,744,838,1273,1300,1299,29,56,99
180,-80,764,861,1299,1299,1299,28,53,94
180,-40,764,861,1299,1299,1299,28,53,94
180,65,764,861,1299,1299,1299,28,53,94
180,70,764,861,1300,1300,1300,28,53,94
